Date,Open,High,Low,Close,Adjusted_close,Volume
2017-07-26,153.3500,153.9300,153.0600,153.5000,153.5000,12778195.00
2017-07-25,151.8000,153.8400,151.8000,152.7400,152.7400,18714400.00
2017-07-24,150.5800,152.4400,149.9000,152.0900,152.0900,21304700.00
2017-07-21,149.9900,150.4400,148.8800,150.2700,150.2700,26252630.00
2017-07-20,151.5000,151.7400,150.1900,150.3400,150.3400,17243748.00
2017-07-19,150.4800,151.4200,149.9500,151.0200,151.0200,20922969.00
2017-07-18,149.2000,150.1300,148.6700,150.0800,150.0800,17868792.00
2017-07-17,148.8200,150.9000,148.5700,149.5600,149.5600,23243713.00
2017-07-14,147.9700,149.3300,147.3300,149.0400,149.0400,20132061.00
2017-07-13,145.5000,148.4900,145.4400,147.7700,147.7700,25199373.00
2017-07-12,145.8700,146.1800,144.8200,145.7400,145.7400,24884478.00
2017-07-11,144.7300,145.8500,144.3800,145.5300,145.5300,19781836.00
2017-07-10,144.1100,145.9500,143.3700,145.0600,145.0600,21090636.00
2017-07-07,142.9000,144.7500,142.9000,144.1800,144.1800,19201712.00
2017-07-06,143.0200,143.5000,142.4100,142.7300,142.7300,24128782.00
2017-07-05,143.6900,144.7900,142.7200,144.0900,144.0900,21569557.00
2017-07-03,144.8800,145.3001,143.1000,143.5000,143.5000,14276812.00
2017-06-30,144.4500,144.9600,143.7800,144.0200,144.0200,23024107.00
2017-06-29,144.7100,145.1300,142.2800,143.6800,143.6800,31499368.00
2017-06-28,144.4900,146.1100,143.1600,145.8300,145.8300,22082432.00
2017-06-27,145.0100,146.1600,143.6200,143.7300,143.7300,24761891.00
2017-06-26,147.1700,148.2800,145.3800,145.8200,145.8200,25692361.00
2017-06-23,145.1300,147.1600,145.1100,146.2800,146.2800,35439389.00
2017-06-22,145.7700,146.7000,145.1200,145.6300,145.6300,19106294.00
2017-06-21,145.5200,146.0700,144.6100,145.8700,145.8700,21265751.00
2017-06-20,146.8700,146.8700,144.9400,145.0100,145.0100,24900073.00
2017-06-19,143.6600,146.7400,143.6600,146.3400,146.3400,32541404.00
2017-06-16,143.7800,144.5000,142.2000,142.2700,142.2700,50361093.00
2017-06-15,143.3200,144.4800,142.2100,144.2900,144.2900,32165373.00
2017-06-14,147.5000,147.5000,143.8400,145.1600,145.1600,31531232.00
2017-06-13,147.1600,147.4500,145.1500,146.5900,146.5900,34165445.00
2017-06-12,145.7400,146.0900,142.5100,145.4200,145.4200,72307330.00
2017-06-09,155.1900,155.1900,146.0200,148.9800,148.9800,64882657.00
2017-06-08,155.2500,155.5400,154.4000,154.9900,154.9900,21250798.00
2017-06-07,155.0200,155.9800,154.4800,155.3700,155.3700,21069647.00
2017-06-06,153.9000,155.8100,153.7800,154.4500,154.4500,26624926.00
2017-06-05,154.3400,154.4500,153.4600,153.9300,153.9300,25331662.00
2017-06-02,153.5800,155.4500,152.8900,155.4500,155.4500,27770715.00
2017-06-01,153.1700,153.3300,152.2200,153.1800,153.1800,16404088.00
2017-05-31,153.9700,154.1700,152.3800,152.7600,152.7600,24451164.00
2017-05-30,153.4200,154.4300,153.3300,153.6700,153.6700,20126851.00
2017-05-26,154.0000,154.2400,153.3100,153.6100,153.6100,21927637.00
2017-05-25,153.7300,154.3500,153.0300,153.8700,153.8700,19235598.00
2017-05-24,153.8400,154.1700,152.6700,153.3400,153.3400,19219154.00
2017-05-23,154.9000,154.9000,153.3100,153.8000,153.8000,19918871.00
2017-05-22,154.0000,154.5800,152.9100,153.9900,153.9900,22966437.00
2017-05-19,153.3800,153.9800,152.6300,153.0600,153.0600,26960788.00
2017-05-18,151.2700,153.3400,151.1300,152.5400,152.5400,33568215.00
2017-05-17,153.6000,154.5700,149.7100,150.2500,150.2500,50767678.00
2017-05-16,155.9400,156.0600,154.7200,155.4700,155.4700,20048478.00
2017-05-15,156.0100,156.6500,155.0500,155.7000,155.7000,26009719.00
2017-05-12,154.7000,156.4200,154.6700,156.1000,156.1000,32527017.00
2017-05-11,152.4500,154.0700,152.3100,153.9500,153.9500,27255058.00
2017-05-10,153.6300,153.9400,152.1100,153.2600,152.6354,25805692.00
2017-05-09,153.8700,154.8800,153.4500,153.9900,153.3624,39130363.00
2017-05-08,149.0300,153.7000,149.0300,153.0100,152.3864,48752413.00
2017-05-05,146.7600,148.9800,146.7600,148.9600,148.3529,27327725.00
2017-05-04,146.5200,147.1400,145.8100,146.5300,145.9328,23371872.00
2017-05-03,145.5900,147.4900,144.2700,147.0600,146.4606,45697034.00
2017-05-02,147.5400,148.0900,146.8400,147.5100,146.9088,45352194.00
2017-05-01,145.1000,147.2000,144.9600,146.5800,145.9826,33602943.00
2017-04-28,144.0900,144.3000,143.2700,143.6500,143.0645,20860358.00
2017-04-27,143.9200,144.1600,143.3100,143.7900,143.2040,14246347.00
2017-04-26,144.4700,144.6000,143.3800,143.6800,143.0944,20041241.00
2017-04-25,143.9100,144.9000,143.8700,144.5300,143.9410,18871501.00
2017-04-24,143.5000,143.9500,143.1800,143.6400,143.0546,17116599.00
2017-04-21,142.4400,142.6800,141.8500,142.2700,141.6902,17320928.00
2017-04-20,141.2200,142.9200,141.1600,142.4400,141.8595,23319562.00
2017-04-19,141.8800,142.0000,140.4500,140.6800,140.1067,17328375.00
2017-04-18,141.4100,142.0400,141.1100,141.2000,140.6245,14697544.00
2017-04-17,141.4800,141.8800,140.8700,141.8300,141.2520,16582094.00
2017-04-13,141.9100,142.3800,141.0500,141.0500,140.4751,17822880.00
2017-04-12,141.6000,142.1500,141.0100,141.8000,141.2221,20350000.00
2017-04-11,142.9400,143.3500,140.0600,141.6300,141.0528,30379376.00
2017-04-10,143.6000,143.8800,142.9000,143.1700,142.5865,18933397.00
2017-04-07,143.7300,144.1800,143.2700,143.3400,142.7558,16658543.00
2017-04-06,144.2900,144.5200,143.4500,143.6600,143.0745,21149034.00
2017-04-05,144.2200,145.4600,143.8100,144.0200,143.4330,27717854.00
2017-04-04,143.2500,144.8900,143.1700,144.7700,144.1800,19891354.00
2017-04-03,143.7100,144.1200,143.0500,143.7000,143.1143,19985714.00
2017-03-31,143.7200,144.2700,143.0100,143.6600,143.0745,19661651.00
2017-03-30,144.1900,144.5000,143.5000,143.9300,143.3434,21207252.00
2017-03-29,143.6800,144.4900,143.1900,144.1200,143.5326,29189955.00
2017-03-28,140.9100,144.0400,140.6200,143.8000,143.2139,33374805.00
2017-03-27,139.3900,141.2200,138.6200,140.8800,140.3058,23575094.00
2017-03-24,141.5000,141.7400,140.3500,140.6400,140.0668,22395563.00
2017-03-23,141.2600,141.5800,140.6100,140.9200,140.3457,20346301.00
2017-03-22,139.8500,141.6000,139.7600,141.4200,140.8436,25860165.00
2017-03-21,142.1100,142.8000,139.7300,139.8400,139.2701,39529912.00
2017-03-20,140.4000,141.5000,140.2300,141.4600,140.8835,21542038.00
2017-03-17,141.0000,141.0000,139.8900,139.9900,139.4195,43884952.00
2017-03-16,140.7200,141.0200,140.2600,140.6900,140.1166,19231998.00
2017-03-15,139.4100,140.7500,139.0300,140.4600,139.8875,25691774.00
2017-03-14,139.3000,139.6500,138.8400,138.9900,138.4235,15309065.00
2017-03-13,138.8500,139.4300,138.8200,139.2000,138.6327,17421717.00
2017-03-10,139.2500,139.3600,138.6400,139.1400,138.5729,19612801.00
2017-03-09,138.7400,138.7900,137.0500,138.6800,138.1148,22155904.00
2017-03-08,138.9500,139.8000,138.8200,139.0000,138.4335,18707236.00
2017-03-07,139.0600,139.9800,138.7900,139.5200,138.9514,17446297.00
2017-03-06,139.3700,139.7700,138.6000,139.3400,138.7721,21750044.00
2017-03-03,138.7800,139.8300,138.5900,139.7800,139.2103,21571121.00
2017-03-02,140.0000,140.2800,138.7600,138.9600,138.3937,26210984.00
2017-03-01,137.8900,140.1500,137.6000,139.7900,139.2203,36414585.00
2017-02-28,137.0800,137.4400,136.7000,136.9900,136.4317,23482860.00
2017-02-27,137.1400,137.4400,136.2800,136.9300,136.3719,20257426.00
2017-02-24,135.9100,136.6600,135.2800,136.6600,136.1030,21776585.00
2017-02-23,137.3800,137.4800,136.3000,136.5300,135.9736,20788186.00
2017-02-22,136.4300,137.1200,136.1100,137.1100,136.5512,20836932.00
2017-02-21,136.2300,136.7500,135.9800,136.7000,136.1429,24507156.00
2017-02-17,135.1000,135.8300,135.1000,135.7200,135.1669,22198197.00
2017-02-16,135.6700,135.9000,134.8400,135.3500,134.7984,22584555.00
2017-02-15,135.5200,136.2700,134.6200,135.5100,134.9577,35623100.00
2017-02-14,133.4700,135.0900,133.2500,135.0200,134.4697,33226223.00
2017-02-13,133.0800,133.8200,132.7500,133.2900,132.7468,23035421.00
2017-02-10,132.4600,132.9400,132.0500,132.1200,131.5815,20065458.00
2017-02-09,131.6500,132.4500,131.1200,132.4200,131.8803,28349859.00
2017-02-08,131.3500,132.2200,131.2200,132.0400,130.9382,23004072.00
2017-02-07,130.5400,132.0900,130.4500,131.5300,130.4325,38183841.00
2017-02-06,129.1300,130.5000,128.9000,130.2900,129.2028,26845924.00
2017-02-03,128.3100,129.1900,128.1600,129.0800,128.0029,24507301.00
2017-02-02,127.9800,129.3900,127.7800,128.5300,127.4575,33710411.00
2017-02-01,127.0300,130.4900,127.0100,128.7500,127.6757,111985040.00
2017-01-31,121.1500,121.3900,120.6200,121.3500,120.3374,49200993.00
2017-01-30,120.9300,121.6300,120.6600,121.6300,120.6151,30377503.00
2017-01-27,122.1400,122.3500,121.6000,121.9500,120.9324,20562944.00
2017-01-26,121.6700,122.4400,121.6000,121.9400,120.9225,26337576.00
2017-01-25,120.4200,122.1000,120.2800,121.8800,120.8630,32586673.00
2017-01-24,119.5500,120.1000,119.5000,119.9700,118.9690,23211038.00
2017-01-23,120.0000,120.8100,119.7700,120.0800,119.0780,22050218.00
2017-01-20,120.4500,120.4500,119.7346,120.0000,118.9987,32597892.00
2017-01-19,119.4000,120.0900,119.3700,119.7800,118.7805,25597291.00
2017-01-18,120.0000,120.5000,119.7100,119.9900,118.9888,23712961.00
2017-01-17,118.3400,120.2400,118.2200,120.0000,118.9987,34439843.00
2017-01-13,119.1100,119.6200,118.8100,119.0400,118.0467,26111948.00
2017-01-12,118.8950,119.3000,118.2100,119.2500,118.2550,27086220.00
2017-01-11,118.7400,119.9300,118.6000,119.7500,118.7508,27588593.00
2017-01-10,118.7700,119.3800,118.3000,119.1100,118.1161,24462051.00
2017-01-09,117.9500,119.4300,117.9400,118.9900,117.9971,33561948.00
2017-01-06,116.7800,118.1600,116.4700,117.9100,116.9261,31751900.00
2017-01-05,115.9200,116.8642,115.8100,116.6100,115.6370,22193587.00
2017-01-04,115.8500,116.5100,115.7500,116.0200,115.0519,21118116.00
2017-01-03,115.8000,116.3300,114.7600,116.1500,115.1808,28781865.00
2016-12-30,116.6500,117.2000,115.4300,115.8200,114.8536,30586265.00
2016-12-29,116.4500,117.1095,116.4000,116.7300,115.7560,15039519.00
2016-12-28,117.5200,118.0166,116.2000,116.7600,115.7857,20905892.00
2016-12-27,116.5200,117.8000,116.4900,117.2600,116.2816,18296855.00
2016-12-23,115.5900,116.5200,115.5900,116.5200,115.5477,14249484.00
2016-12-22,116.3500,116.5100,115.6400,116.2900,115.3197,26085854.00
2016-12-21,116.8000,117.4000,116.7800,117.0600,116.0832,23783165.00
2016-12-20,116.7400,117.5000,116.6800,116.9500,115.9742,21424965.00
2016-12-19,115.8000,117.3800,115.7500,116.6400,115.6667,27779423.00
2016-12-16,116.4700,116.5000,115.6450,115.9700,115.0023,44351134.00
2016-12-15,115.3800,116.7300,115.2300,115.8200,114.8536,46524544.00
2016-12-14,115.0400,116.2000,114.9800,115.1900,114.2288,34031834.00
2016-12-13,113.8400,115.9200,113.7500,115.1900,114.2288,43733811.00
2016-12-12,113.2900,115.0000,112.4900,113.3000,112.3546,26374377.00
2016-12-09,112.3100,114.7000,112.3100,113.9500,112.9992,34402627.00
2016-12-08,110.8600,112.4300,110.6000,112.1200,111.1845,27068316.00
2016-12-07,109.2600,111.1900,109.1600,111.0300,110.1036,29998719.00
2016-12-06,109.5000,110.3600,109.1900,109.9500,109.0326,26195462.00
2016-12-05,110.0000,110.0300,108.2500,109.1100,108.1996,34324540.00
2016-12-02,109.1700,110.0900,108.8500,109.9000,108.9830,26527997.00
2016-12-01,110.3650,110.9400,109.0300,109.4900,108.5764,37086862.00
2016-11-30,111.5600,112.2000,110.2700,110.5200,109.5978,36162258.00
2016-11-29,110.7800,112.0300,110.0700,111.4600,110.5300,28528750.00
2016-11-28,111.4300,112.4650,111.3900,111.5700,110.6390,27193983.00
2016-11-25,111.1300,111.8700,110.9500,111.7900,110.8572,11475922.00
2016-11-23,111.3600,111.5100,110.3300,111.2300,110.3019,27426394.00
2016-11-22,111.9500,112.4200,111.4000,111.8000,110.8671,25965534.00
2016-11-21,110.1200,111.9900,110.0100,111.7300,110.7977,29264571.00
2016-11-18,109.7200,110.5400,109.6600,110.0600,109.1416,28428917.00
2016-11-17,109.8100,110.3500,108.8300,109.9500,109.0326,27632003.00
2016-11-16,106.7000,110.2300,106.6000,109.9900,109.0722,58840522.00
2016-11-15,106.5700,107.6800,106.1593,107.1100,106.2163,32264510.00
2016-11-14,107.3200,107.8090,104.0800,105.7100,104.8279,51175504.00
2016-11-11,106.9200,108.8700,106.5500,108.4300,107.5252,34143898.00
2016-11-10,111.0900,111.0900,105.8300,107.7900,106.8906,57134541.00
2016-11-09,109.8800,111.3200,108.0500,110.8800,109.9548,59176361.00
2016-11-08,110.3100,111.7200,109.7000,111.0600,110.1333,24254179.00
2016-11-07,110.0800,110.5100,109.4600,110.4100,109.4887,32560000.00
2016-11-04,108.5300,110.2500,108.1100,108.8400,107.9318,30836997.00
2016-11-03,110.9800,111.4600,109.5500,109.8300,108.9136,26932602.00
2016-11-02,111.4000,112.3500,111.2300,111.5900,110.0875,28331709.00
2016-11-01,113.4600,113.7700,110.5300,111.4900,109.9889,43825812.00
2016-10-31,113.6500,114.2300,113.2000,113.5400,112.0113,26419398.00
2016-10-28,113.8700,115.2100,113.4500,113.7200,112.1889,37861662.00
2016-10-27,115.3900,115.8600,114.1000,114.4800,112.9386,34562045.00
2016-10-26,114.3100,115.7000,113.3100,115.5900,114.0337,66134219.00
2016-10-25,117.9500,118.3600,117.3100,118.2500,116.6579,48128970.00
2016-10-24,117.1000,117.7400,117.0000,117.6500,116.0659,23538673.00
2016-10-21,116.8100,116.9100,116.2800,116.6000,115.0301,23192665.00
2016-10-20,116.8600,117.3800,116.3300,117.0600,115.4839,24125801.00
2016-10-19,117.2500,117.7600,113.8000,117.1200,115.5431,20034594.00
2016-10-18,118.1800,118.2100,117.4500,117.4700,115.8884,24553478.00
2016-10-17,117.3300,117.8400,116.7800,117.5500,115.9673,23624896.00
2016-10-14,117.8800,118.1700,117.1300,117.6300,116.0462,35652191.00
2016-10-13,116.7900,117.4400,115.7200,116.9800,115.4050,35192406.00
2016-10-12,117.3500,117.9800,116.7500,117.3400,115.7601,37586787.00
2016-10-11,117.7000,118.6900,116.2000,116.3000,114.7341,64041043.00
2016-10-10,115.0200,116.7500,114.7200,116.0500,114.4875,36235956.00
2016-10-07,114.3100,114.5600,113.5100,114.0600,112.5243,24358443.00
2016-10-06,113.7000,114.3400,113.1300,113.8900,112.3566,28779313.00
2016-10-05,113.4000,113.6600,112.6900,113.0500,111.5279,21453089.00
2016-10-04,113.0600,114.3100,112.6300,113.0000,111.4786,29736835.00
2016-10-03,112.7100,113.0500,112.2800,112.5200,111.0050,21701760.00
2016-09-30,112.4600,113.3700,111.8000,113.0500,111.5279,36379106.00
2016-09-29,113.1600,113.8000,111.8000,112.1800,110.6696,35886990.00
2016-09-28,113.6900,114.6400,113.4300,113.9500,112.4158,29641085.00
2016-09-27,113.0000,113.1800,112.3400,113.0900,111.5673,24607412.00
2016-09-26,111.6400,113.3900,111.5500,112.8800,111.3602,29869442.00
2016-09-23,114.4200,114.7900,111.5500,112.7100,111.1925,52481151.00
2016-09-22,114.3500,114.9400,114.0000,114.6200,113.0767,31073984.00
2016-09-21,113.8500,113.9890,112.4410,113.5500,112.0212,36003185.00
2016-09-20,113.0500,114.1200,112.5100,113.5700,112.0409,34514269.00
2016-09-19,115.1900,116.1800,113.2500,113.5800,112.0507,47023046.00
2016-09-16,115.1200,116.1300,114.0400,114.9200,113.3727,79886911.00
2016-09-15,113.8600,115.7300,113.4900,115.5700,114.0140,90613177.00
2016-09-14,108.7300,113.0300,108.6000,111.7700,110.2651,112340318.00
2016-09-13,107.5100,108.7900,107.2400,107.9500,106.4966,62176190.00
2016-09-12,102.6500,105.7200,102.5300,105.4400,104.0203,45292770.00
2016-09-09,104.6400,105.7200,103.1300,103.1300,101.7414,46556984.00
2016-09-08,107.2500,107.2700,105.2400,105.5200,104.0993,53002026.00
2016-09-07,107.8300,108.7600,107.0700,108.3600,106.9010,42364328.00
2016-09-06,107.9000,108.3000,107.5100,107.7000,106.2499,26880391.00
2016-09-02,107.7000,108.0000,106.8200,107.7300,106.2795,26802450.00
2016-09-01,106.1400,106.8000,105.6200,106.7300,105.2930,26701523.00
2016-08-31,105.6600,106.5699,105.6400,106.1000,104.6715,29662406.00
2016-08-30,105.8000,106.5000,105.5000,106.0000,104.5728,24863945.00
2016-08-29,106.6200,107.4400,106.2900,106.8200,105.3818,24970300.00
2016-08-26,107.4100,107.9500,106.3100,106.9400,105.5002,27766291.00
2016-08-25,107.3900,107.8800,106.6800,107.5700,106.1217,25086248.00
2016-08-24,108.5650,108.7500,107.6800,108.0300,106.5755,23675081.00
2016-08-23,108.5900,109.3200,108.5300,108.8500,107.3844,21257669.00
2016-08-22,108.8600,109.1000,107.8500,108.5100,107.0490,25820230.00
2016-08-19,108.7700,109.6900,108.3600,109.3600,107.8876,25368072.00
2016-08-18,109.2300,109.6000,109.0200,109.0800,107.6113,21984703.00
2016-08-17,109.1000,109.3700,108.3400,109.2200,107.7495,25355976.00
2016-08-16,109.6300,110.2300,109.2100,109.3800,107.9073,33794448.00
2016-08-15,108.1400,109.5400,108.0800,109.4800,108.0060,25868209.00
2016-08-12,107.7800,108.4400,107.7800,108.1800,106.7235,18660434.00
2016-08-11,108.5200,108.9300,107.8500,107.9300,106.4768,27484506.00
2016-08-10,108.7100,108.9000,107.7600,108.0000,106.5459,24008505.00
2016-08-09,108.2300,108.9400,108.0100,108.8100,107.3450,26315204.00
2016-08-08,107.5200,108.3700,107.1600,108.3700,106.9109,28037220.00
2016-08-05,106.2700,107.6500,106.1800,107.4800,106.0329,40553402.00
2016-08-04,105.5800,106.0000,105.2800,105.8700,104.4446,27408650.00
2016-08-03,104.8100,105.8400,104.7700,105.7900,103.8067,30202641.00
2016-08-02,106.0500,106.0700,104.0000,104.4800,102.5213,33816556.00
2016-08-01,104.4100,106.1500,104.4100,106.0500,104.0619,38167871.00
2016-07-29,104.1900,104.5500,103.6800,104.2100,102.2564,27733688.00
2016-07-28,102.8300,104.4500,102.8200,104.3400,102.3839,39869839.00
2016-07-27,104.2650,104.3500,102.7500,102.9500,101.0200,92344820.00
2016-07-26,96.8200,97.9700,96.4200,96.6700,94.8577,56239822.00
2016-07-25,98.2500,98.8400,96.9200,97.3400,95.5152,40382921.00
2016-07-22,99.2600,99.3000,98.3100,98.6600,96.8104,28313669.00
2016-07-21,99.8300,101.0000,99.1300,99.4300,97.5660,32702028.00
2016-07-20,100.0000,100.4600,99.7350,99.9600,98.0860,26275968.00
2016-07-19,99.5600,100.0000,99.3400,99.8700,97.9977,23779924.00
2016-07-18,98.7000,100.1300,98.6000,99.8300,97.9585,36493867.00
2016-07-15,98.9200,99.3000,98.5000,98.7800,96.9282,30136990.00
2016-07-14,97.3900,98.9900,97.3200,98.7900,96.9380,38918997.00
2016-07-13,97.4100,97.6700,96.8400,96.8700,95.0540,25892171.00
2016-07-12,97.1700,97.7000,97.1200,97.4200,95.5937,24167463.00
2016-07-11,96.7500,97.6500,96.7300,96.9800,95.1619,23794945.00
2016-07-08,96.4900,96.8900,96.0500,96.6800,94.8675,28912103.00
2016-07-07,95.7000,96.5000,95.6200,95.9400,94.1414,25139558.00
2016-07-06,94.6000,95.6600,94.3700,95.5300,93.7391,30949090.00
2016-07-05,95.3900,95.4000,94.4600,94.9900,93.2092,27705210.00
2016-07-01,95.4900,96.4650,95.3300,95.8900,94.0923,26026540.00
2016-06-30,94.4400,95.7700,94.3000,95.6000,93.8078,35836356.00
2016-06-29,93.9700,94.5500,93.6300,94.4000,92.6303,36531006.00
2016-06-28,92.9000,93.6600,92.1400,93.5900,91.8355,40444914.00
2016-06-27,93.0000,93.0500,91.5000,92.0400,90.3145,46622188.00
2016-06-24,92.9100,94.6550,92.6500,93.4000,91.6490,75311356.00
2016-06-23,95.9400,96.2900,95.2500,96.1000,94.2984,32240187.00
2016-06-22,96.2500,96.8900,95.3500,95.5500,93.7587,29219122.00
2016-06-21,94.9400,96.3500,94.6760,95.9100,94.1120,35546358.00
2016-06-20,96.0000,96.5700,95.0300,95.1000,93.3171,34411901.00
2016-06-17,96.6200,96.6500,95.3000,95.3300,93.5428,61008219.00
2016-06-16,96.4500,97.7500,96.0700,97.5500,95.7212,31326815.00
2016-06-15,97.8200,98.4100,97.0300,97.1400,95.3189,29445227.00
2016-06-14,97.3200,98.4750,96.7500,97.4600,95.6329,31931944.00
2016-06-13,98.6900,99.1200,97.1000,97.3400,95.5152,38020494.00
2016-06-10,98.5300,99.3457,98.4800,98.8300,96.9772,31712936.00
2016-06-09,98.5000,99.9900,98.4600,99.6500,97.7818,26601354.00
2016-06-08,99.0200,99.5600,98.6800,98.9400,97.0852,20848131.00
2016-06-07,99.2500,99.8700,98.9600,99.0300,97.1735,22409450.00
2016-06-06,97.9900,101.8900,97.5500,98.6300,96.7810,23292504.00
2016-06-03,97.7900,98.2700,97.4500,97.9200,96.0843,28504888.00
2016-06-02,97.6000,97.8400,96.6300,97.7200,95.8880,40191600.00
2016-06-01,99.0200,99.5400,98.3300,98.4600,96.6142,29173285.00
2016-05-31,99.6000,100.4000,98.8200,99.8600,97.9879,42307212.00
2016-05-27,99.4400,100.4700,99.2450,100.3500,98.4687,36341240.00
2016-05-26,99.6800,100.7300,98.6400,100.4100,98.5276,56331159.00
2016-05-25,98.6700,99.7400,98.1100,99.6200,97.7524,38642108.00
2016-05-24,97.2200,98.0900,96.8400,97.9000,96.0647,35140174.00
2016-05-23,95.8700,97.1900,95.6700,96.4300,94.6222,38018643.00
2016-05-20,94.6400,95.4300,94.5200,95.2200,93.4349,32025968.00
2016-05-19,94.6400,94.6400,93.5700,94.2000,92.4340,30442100.00
2016-05-18,94.1600,95.2100,93.8900,94.5600,92.7873,42062391.00
2016-05-17,94.5500,94.7000,93.0100,93.4900,91.7373,46916939.00
2016-05-16,92.3900,94.3900,91.6500,93.8800,92.1200,61259756.00
2016-05-13,90.0000,91.6700,90.0000,90.5200,88.8230,44392765.00
2016-05-12,92.7200,92.7800,89.4700,90.3400,88.6464,76314690.00
2016-05-11,93.4800,93.5700,92.4600,92.5100,90.7757,28719109.00
2016-05-10,93.3300,93.5700,92.1100,93.4200,91.6686,33686836.00
2016-05-09,93.0000,93.7700,92.5900,92.7900,91.0505,32936436.00
2016-05-06,93.3700,93.4500,91.8500,92.7200,90.9818,43699886.00
2016-05-05,94.0000,94.0700,92.6800,93.2400,91.4920,35890500.00
2016-05-04,95.2000,95.9000,93.8200,94.1900,91.8626,41025475.00
2016-05-03,94.2000,95.7400,93.6800,95.1800,92.8282,56831277.00
2016-05-02,93.9650,94.0800,92.4000,93.6400,91.3262,48160104.00
2016-04-29,93.9900,94.7200,92.5100,93.7400,91.4237,68531478.00
2016-04-28,97.6100,97.8800,94.2500,94.8300,92.4868,82242690.00
2016-04-27,96.0000,98.7100,95.6800,97.8200,95.4029,114602142.00
2016-04-26,103.9100,105.3000,103.9100,104.3500,101.7716,56016165.00
2016-04-25,105.0000,105.6500,104.5100,105.0800,102.4835,28031588.00
2016-04-22,105.0100,106.4800,104.6200,105.6800,103.0687,33683121.00
2016-04-21,106.9300,106.9300,105.5200,105.9700,103.3516,31552525.00
2016-04-20,106.6400,108.0900,106.0600,107.1300,104.4829,30611030.00
2016-04-19,107.8800,108.0000,106.2300,106.9100,104.2683,32384879.00
2016-04-18,108.8900,108.9500,106.9400,107.4800,104.8242,60821461.00
2016-04-15,112.1100,112.3000,109.7300,109.8500,107.1357,46938969.00
2016-04-14,111.6200,112.3900,111.3300,112.1000,109.3301,25473923.00
2016-04-13,110.8000,112.3400,110.8000,112.0400,109.2716,33257316.00
2016-04-12,109.3400,110.5000,108.6600,110.4400,107.7111,27232325.00
2016-04-11,108.9700,110.6100,108.8300,109.0200,106.3262,29407518.00
2016-04-08,108.9100,109.7700,108.1700,108.6600,105.9751,23581740.00
2016-04-07,109.9500,110.4200,108.1210,108.5400,105.8581,31801870.00
2016-04-06,110.2300,110.9800,109.2000,110.9600,108.2183,26404077.00
2016-04-05,109.5100,110.7300,109.4200,109.8100,107.0967,26578652.00
2016-04-04,110.4200,112.1900,110.2700,111.1200,108.3743,37356204.00
2016-04-01,108.7800,110.0000,108.2000,109.9900,107.2722,25873950.00
2016-03-31,109.7200,109.9000,108.8800,108.9900,106.2969,25888449.00
2016-03-30,108.6500,110.4200,108.6000,109.5600,106.8528,45601149.00
2016-03-29,104.8900,107.7900,104.8800,107.6800,105.0193,31190083.00
2016-03-28,106.0000,106.1900,105.0600,105.1900,102.5908,19411372.00
2016-03-24,105.4700,106.2500,104.8900,105.6700,103.0590,26132955.00
2016-03-23,106.4800,107.0700,105.9000,106.1300,103.5076,25703495.00
2016-03-22,105.2500,107.2900,105.2100,106.7200,104.0830,32444375.00
2016-03-21,105.9300,107.6500,105.1401,105.9100,103.2930,35502678.00
2016-03-18,106.3400,106.5000,105.1900,105.9200,103.3028,44205171.00
2016-03-17,105.5200,106.4700,104.9600,105.8000,103.1858,34420705.00
2016-03-16,104.6100,106.3100,104.5900,105.9700,103.3516,38303493.00
2016-03-15,103.9600,105.1800,103.8500,104.5800,101.9959,40067734.00
2016-03-14,101.9100,102.9100,101.7800,102.5200,99.9868,25076062.00
2016-03-11,102.2400,102.2800,101.5000,102.2600,99.7332,27408237.00
2016-03-10,101.4100,102.2400,100.1500,101.1700,98.6702,33513577.00
2016-03-09,101.3100,101.5800,100.2700,101.1200,98.6214,27201683.00
2016-03-08,100.7800,101.7600,100.4000,101.0300,98.5336,31182194.00
2016-03-07,102.3900,102.8300,100.9600,101.8700,99.3529,35915810.00
2016-03-04,102.3700,103.7500,101.3700,103.0100,100.4647,46055100.00
2016-03-03,100.5800,101.7099,100.4500,101.5000,98.9920,36955742.00
2016-03-02,100.5100,100.8900,99.6400,100.7500,98.2605,33169560.00
2016-03-01,97.6500,100.7700,97.4200,100.5300,98.0460,50407147.00
2016-02-29,96.8600,98.2300,96.6500,96.6900,94.3009,35216277.00
2016-02-26,97.2000,98.0237,96.5800,96.9100,94.5154,28991131.00
2016-02-25,96.0500,96.7600,95.2500,96.7600,94.3691,27582659.00
2016-02-24,93.9800,96.3800,93.3200,96.1000,93.7254,36255745.00
2016-02-23,96.4000,96.5000,94.5500,94.6900,92.3503,31942633.00
2016-02-22,96.3100,96.9000,95.9200,96.8800,94.4862,34280758.00
2016-02-19,96.0000,96.7599,95.8000,96.0400,93.6669,35374173.00
2016-02-18,98.8400,98.8900,96.0910,96.2600,93.8815,39020983.00
2016-02-17,96.6700,98.2100,96.1500,98.1200,95.6955,44863243.00
2016-02-16,95.0200,96.8500,94.6100,96.6400,94.2521,49057916.00
2016-02-12,94.1900,94.5000,93.0100,93.9900,91.6676,40351381.00
2016-02-11,93.7900,94.7200,92.5900,93.7000,91.3847,50074711.00
2016-02-10,95.9200,96.3500,94.1000,94.2700,91.9407,42343601.00
2016-02-09,94.2900,95.9400,93.9300,94.9900,92.6429,44331195.00
2016-02-08,93.1300,95.7000,93.0400,95.0100,92.6624,54021375.00
2016-02-05,96.5200,96.9200,93.6900,94.0200,91.6968,46418064.00
2016-02-04,95.8600,97.3300,95.1900,96.6000,94.2131,46471652.00
2016-02-03,95.0000,96.8400,94.0800,96.3500,93.4661,45964294.00
2016-02-02,95.4200,96.0400,94.2800,94.4800,91.6521,37357215.00
2016-02-01,96.4700,96.7100,95.4000,96.4300,93.5437,40943541.00
2016-01-29,94.7900,97.3400,94.3500,97.3400,94.4265,64416504.00
2016-01-28,93.7900,94.5200,92.3900,94.0900,91.2738,55678825.00
2016-01-27,96.0400,96.6289,93.3400,93.4200,90.6238,133369674.00
2016-01-26,99.9300,100.8800,98.0700,99.9900,96.9972,75077002.00
2016-01-25,101.5200,101.5300,99.2100,99.4400,96.4636,51794525.00
2016-01-22,98.6300,101.4600,98.3700,101.4200,98.3844,65800467.00
2016-01-21,97.0600,97.8800,94.9400,96.3000,93.4176,52161463.00
2016-01-20,95.1000,98.1897,93.4200,96.7900,93.8930,72334416.00
2016-01-19,98.4100,98.6500,95.5000,96.6600,93.7668,53087747.00
2016-01-15,96.2000,97.7100,95.3600,97.1300,94.2228,79833891.00
2016-01-14,97.9600,100.4800,95.7400,99.5200,96.5412,63170127.00
2016-01-13,100.3200,101.1900,97.3000,97.3900,94.4750,62439631.00
2016-01-12,100.5500,100.6900,98.8399,99.9600,96.9681,49154227.00
2016-01-11,98.9700,99.0600,97.3400,98.5300,95.5809,49739377.00
2016-01-08,98.5500,99.1100,96.7600,96.9600,94.0579,70798016.00
2016-01-07,98.6800,100.1300,96.4300,96.4500,93.5631,81094428.00
2016-01-06,100.5600,102.3700,99.8700,100.7000,97.6859,68457388.00
2016-01-05,105.7500,105.8500,102.4100,102.7100,99.6358,55790992.00
2016-01-04,102.6100,105.3680,102.0000,105.3500,102.1967,67649387.00